Hayden 100 100 100 100 100
William 90 100 94 95 100
Evan 100 82 97 90 95
Lucas 90 82 13 71 41
Lewis 56 59 67 90 99
Camron 71 78 83 80 89
Devin 40 87 44 71 79
Maximilian 34 45 40 29 0
Emilio 90 92 96 100 87
Jesse 100 100 98 96 90
Joyce 100 98 90 98 87
Chanel 78 70 45 100 98
Tianna 17 22 30 51 62
Kyleigh 85 80 89 91 90
Katie 87 95 90 71 89
Nevaeh 10 0 78 0 78
Amber 56 80 47 56 32
Maia 69 66 78 85 80
Reyna 85 100 78 58 100
Christian 90 87 88 50 70
Zoie 90 100 60 20 30
Matthew 1 2 3 1 2
Quinn 80 90 88 99 100
Stanley 78 74 58 96 100
Cherish 90 100 60 20 60